SimulationTime 500
SimulationStepTime 50
Conductivity 25
Alfa 300
Tot 1200
InitialTemp 100
Density 7800
SpecificHeat 700
Nodes number 16
Elements number 9
*Node
      1,  0.100000001,  0.00499999989
      2,  0.066666670,  0.00499999989
      3,  0.033333330,  0.00499999989
      4,  0.000000000,  0.00499999989
      5,  0.100000001, -0.02833330000
      6,  0.066666670, -0.02833330000
      7,  0.033333330, -0.02833330000
      8,  0.000000000, -0.02833330000
      9,  0.100000001, -0.06166670000
     10,  0.066666670, -0.06166670000
     11,  0.033333330, -0.06166670000
     12,  0.000000000, -0.06166670000
     13,  0.100000001, -0.09500000000
     14,  0.066666670, -0.09500000000
     15,  0.033333330, -0.09500000000
     16,  0.000000000, -0.09500000000
*Element, type=DC2D4
 1,  1,  2,  6,  5
 2,  2,  3,  7,  6
 3,  3,  4,  8,  7
 4,  5,  6, 10,  9
 5,  6,  7, 11, 10
 6,  7,  8, 12, 11
 7,  9, 10, 14, 13
 8, 10, 11, 15, 14
 9, 11, 12, 16, 15
*BC
1, 2, 3, 4, 5, 8, 9, 12, 13, 14, 15, 16